version https://git-lfs.github.com/spec/v1
oid sha256:4a63c5ee2ae97d03aa77363e9c1fa387f39d250e7dd2363f54767ad7681d4979
size 3374
